[header]
width=25
height=20
tilewidth=40
tileheight=40
orientation=orthogonal

[tilesets]
tileset=tileset-01.png,40,40,0,0
tileset=tileset_gray-01.png,40,40,0,0

[layer]
type=Tile Layer 1
data=
273,273,273,273,273,273,273,273,273,273,273,273,273,273,273,273,273,273,273,273,273,273,273,273,273,
273,273,273,273,273,273,273,273,273,273,273,273,273,273,273,273,273,273,273,273,273,273,273,273,273,
273,273,273,273,273,273,273,273,273,273,273,273,273,273,273,273,273,273,273,273,273,273,273,273,273,
273,273,273,273,273,273,273,273,273,273,273,273,273,273,273,273,273,273,273,273,273,273,273,273,273,
273,273,273,273,273,273,273,273,273,273,273,273,273,273,273,273,273,273,273,273,273,273,273,273,273,
273,273,273,273,273,273,273,273,273,273,273,273,273,273,273,273,273,273,273,273,273,273,273,273,273,
273,273,273,273,273,273,273,273,273,273,223,224,246,268,273,273,273,273,273,273,273,273,273,273,273,
273,273,273,273,273,273,273,273,273,273,235,236,0,0,283,154,155,156,273,273,273,273,273,273,273,
273,273,273,273,273,273,273,273,273,273,284,0,0,0,0,166,167,168,273,273,273,273,273,273,273,
273,273,273,223,224,268,273,273,273,251,0,0,0,0,0,178,179,180,273,273,273,273,273,273,273,
273,273,273,235,236,0,283,246,282,0,0,0,0,0,0,0,0,281,273,273,273,273,273,273,273,
273,273,273,247,248,0,269,257,219,220,0,0,0,0,0,0,0,0,252,273,273,273,273,273,273,
273,273,273,259,260,278,273,273,231,232,0,0,0,0,0,0,0,0,0,266,273,273,273,273,273,
273,273,273,273,273,273,273,273,273,277,0,0,0,0,0,0,0,0,249,250,273,273,273,273,273,
273,273,273,273,273,273,273,273,273,273,263,0,0,0,269,257,257,257,261,262,273,273,273,273,273,
273,273,273,273,273,273,273,273,273,273,273,279,257,278,273,273,273,273,273,273,273,273,273,273,273,
273,273,273,273,273,273,273,273,273,273,273,273,273,273,273,273,273,273,273,273,273,273,273,273,273,
273,273,273,273,273,273,273,273,273,273,273,273,273,273,273,273,273,273,273,273,273,273,273,273,273,
273,273,273,273,273,273,273,273,273,273,273,273,273,273,273,273,273,273,273,273,273,273,273,273,273,
273,273,273,273,273,273,273,273,273,273,273,273,273,273,273,273,273,273,273,273,273,273,273,273,273

[layer]
type=Tile Layer 2
data=
273,273,273,273,273,273,273,273,273,273,273,273,273,273,273,273,273,273,273,273,273,273,273,273,273,
273,273,273,273,273,273,273,273,273,273,273,273,273,273,273,273,273,273,273,273,273,273,273,273,273,
273,273,273,273,273,273,273,273,273,273,273,273,273,273,273,273,273,273,273,273,273,273,273,273,273,
273,273,273,273,273,273,273,273,151,152,153,225,226,273,273,273,273,273,273,273,273,273,273,273,273,
273,273,273,273,273,273,273,273,163,164,165,237,238,273,273,273,273,273,273,273,273,273,273,273,273,
273,273,273,273,273,273,273,273,175,176,177,0,233,246,246,246,268,273,273,273,273,273,273,273,273,
273,273,273,273,273,273,184,185,186,0,0,0,0,0,0,0,0,252,273,273,273,273,273,273,273,
273,273,273,273,273,273,196,197,198,0,0,0,0,0,0,0,0,0,252,273,273,273,273,273,273,
273,273,273,265,246,246,208,209,210,0,0,0,0,0,0,0,0,0,0,252,273,273,273,273,273,
273,273,251,0,0,0,0,0,0,0,0,0,0,0,0,0,0,0,0,0,252,273,273,273,273,
273,251,0,0,0,0,0,0,0,0,0,0,0,0,0,0,0,0,0,0,0,266,273,273,273,
267,0,0,0,0,0,0,0,0,0,0,0,0,0,0,0,0,0,0,0,0,258,273,273,273,
245,0,0,0,0,0,0,0,0,0,0,0,0,0,0,0,0,0,0,0,0,258,273,273,273,
245,0,0,0,0,0,217,218,222,0,0,0,0,0,0,0,0,0,0,0,0,258,273,273,273,
277,0,0,0,0,0,229,230,245,0,0,0,0,0,0,0,0,0,0,190,191,192,273,273,273,
273,263,0,0,190,191,192,273,245,0,0,0,0,0,0,0,0,0,0,202,203,204,273,273,273,
273,273,263,0,202,203,204,273,239,257,257,257,257,257,257,257,257,257,257,214,215,216,273,273,273,
273,273,273,279,214,215,216,273,273,273,273,273,273,273,273,273,273,273,273,273,273,273,273,273,273,
273,273,273,273,273,273,273,273,273,273,273,273,273,273,273,273,273,273,273,273,273,273,273,273,273,
273,273,273,273,273,273,273,273,273,273,273,273,273,273,273,273,273,273,273,273,273,273,273,273,273

