new int[]{129,129,129,129,129,129,129,129,129,129,129,129,129,129,129,129,129,129,129,129,129,129,129,129,129},
new int[]{129,129,129,129,129,129,129,129,129,129,79,80,81,82,129,129,129,129,129,129,129,129,129,129,129},
new int[]{129,129,129,129,129,129,129,129,129,129,91,92,93,94,129,129,129,129,129,129,129,129,129,129,129},
new int[]{129,129,129,129,129,129,129,129,129,129,133,0,0,136,129,129,129,129,129,129,129,129,129,129,129},
new int[]{129,129,129,129,129,129,129,129,129,129,129,126,127,129,129,129,129,129,129,129,129,129,129,129,129},
new int[]{129,129,129,129,129,129,129,129,129,129,129,101,114,129,129,129,129,129,129,129,129,129,129,129,129},
new int[]{129,129,129,129,129,129,129,129,129,129,129,101,114,129,129,129,129,129,129,129,129,129,129,129,129},
new int[]{129,129,129,129,129,129,129,129,129,129,129,101,114,129,129,129,129,129,129,129,129,129,129,129,129},
new int[]{129,129,129,129,129,129,129,129,129,129,129,101,114,129,129,129,129,129,129,129,129,129,129,129,129},
new int[]{129,129,129,129,129,129,129,129,129,129,129,101,114,129,129,129,129,129,129,129,129,129,129,129,129},
new int[]{129,129,129,129,129,129,129,129,129,129,129,101,114,129,129,129,129,129,129,129,129,129,129,129,129},
new int[]{129,129,129,129,129,129,129,129,129,129,129,101,114,129,129,129,129,129,129,129,129,129,129,129,129},
new int[]{129,129,129,129,129,129,129,129,129,129,129,101,114,129,129,129,129,129,129,129,129,129,129,129,129},
new int[]{129,129,129,129,129,129,129,129,129,129,129,101,97,98,129,129,129,129,129,129,129,129,129,129,129},
new int[]{129,129,129,129,129,129,129,129,129,129,129,101,109,110,81,82,129,129,129,129,129,129,129,129,129},
new int[]{129,129,129,129,129,129,129,129,129,129,99,100,0,0,93,94,129,129,129,129,129,129,129,129,129},
new int[]{129,129,129,129,129,129,129,7,8,9,111,112,0,0,0,97,98,129,129,129,129,129,129,129,129},
new int[]{129,129,129,129,129,129,129,19,20,21,0,0,0,0,0,109,110,10,11,12,129,129,129,129,129},
new int[]{129,129,129,129,129,129,129,31,32,33,0,0,0,0,0,0,0,22,23,24,129,129,129,129,129},
new int[]{129,129,129,129,129,129,129,101,0,0,0,0,0,0,0,0,0,34,35,36,129,129,129,129,129},
new int[]{129,129,129,129,129,129,129,140,0,0,0,0,0,0,0,0,0,46,47,48,129,129,129,129,129},
new int[]{129,129,129,129,129,129,123,0,0,0,0,0,0,0,0,0,0,58,59,60,129,129,129,129,129},
new int[]{129,129,129,129,129,129,103,104,0,0,0,0,0,0,125,113,113,70,71,72,129,129,129,129,129},
new int[]{129,129,129,129,129,129,115,116,113,113,128,0,0,120,129,129,129,129,129,129,129,129,129,129,129},
new int[]{129,129,129,129,129,129,129,129,129,129,129,135,134,129,129,129,129,129,129,129,129,129,129,129,129}